每幅图像的标定误差: 
第1幅图像的平均误差: 0.0889183像素
第2幅图像的平均误差: 0.0795253像素
第3幅图像的平均误差: 0.164663像素
第4幅图像的平均误差: 0.0991602像素
第5幅图像的平均误差: 0.11881像素
第6幅图像的平均误差: 0.0838225像素
第7幅图像的平均误差: 0.0969263像素
第8幅图像的平均误差: 0.0898957像素
第9幅图像的平均误差: 0.157186像素
第10幅图像的平均误差: 0.0803149像素
第11幅图像的平均误差: 0.203043像素
第12幅图像的平均误差: 0.142699像素
第13幅图像的平均误差: 0.125943像素
第14幅图像的平均误差: 0.22959像素
第15幅图像的平均误差: 0.147801像素
总体平均误差: 0.12722像素
相机内参数矩阵: 
[1195.386596118951, 0, 324.5385299707738;
 0, 1309.069836387242, 214.0472516597098;
 0, 0, 1]

畸变系数: 
[-2.26172670213552, 13.96320978646096, 0.008438918531584932, 0.05898668669700791, -56.33727442843715]

第1幅图像的旋转向量: 
[-182.7697082011411;
 -75.24581165513331;
 945.0003605556137]
第1幅图像的旋转矩阵: 
[-0.5009246417713451, 0.8360773891465737, -0.2237165676120084;
 -0.7901399609995968, -0.5472587657188761, -0.2760193568853601;
 -0.3532043959208394, 0.03850250253816001, 0.9347535568268747]
第1幅图像的平移向量: 
[-2.318841174991846;
 -2.366746806825446;
 0.3971513463938495]

第2幅图像的旋转向量: 
[-36.99128582554052;
 109.1416026066003;
 1433.546069754503]
第2幅图像的旋转矩阵: 
[0.7784302548789229, 0.6254610958202259, -0.05333625319140226;
 -0.6263266551226901, 0.7795604756619806, 0.0006211831367529258;
 0.04196736079333591, 0.03292236931067882, 0.9985764158175443]
第2幅图像的平移向量: 
[2.374964280106021;
 -2.333639851972067;
 -0.2475507783291903]

第3幅图像的旋转向量: 
[-155.1584826042242;
 -84.4808481568439;
 1701.895970220204]
第3幅图像的旋转矩阵: 
[-0.4175575106281646, -0.8919303636209592, -0.1735106675942247;
 0.9047291751153708, -0.4258263767676662, 0.01170540661328597;
 -0.08432582648910694, -0.1520924827199061, 0.9847624239820607]
第3幅图像的平移向量: 
[1.887295453353275;
 2.024784959292105;
 -0.6431885753815751]

第4幅图像的旋转向量: 
[-168.3760622788329;
 2.71313188447639;
 1709.287679966077]
第4幅图像的旋转矩阵: 
[-0.6150559755138144, -0.772517978574542, -0.1578674119755364;
 0.7720129250461065, -0.6307236334066122, 0.07863677145023329;
 -0.1603190274000713, -0.07350966631311248, 0.984324203914559]
第4幅图像的平移向量: 
[-1.999732148985661;
 -1.988265469784927;
 -0.3492506611468267]

第5幅图像的旋转向量: 
[-189.9420561905241;
 -17.88413404158883;
 1955.297782465327]
第5幅图像的旋转矩阵: 
[-0.4507319946098266, 0.8827177274835792, -0.1328536135047625;
 -0.8801399579306178, -0.4642994996951478, -0.09889200694052915;
 -0.148977593915788, 0.07235598226173869, 0.9861897831259465]
第5幅图像的平移向量: 
[-1.927445203287406;
 -1.969391901200995;
 -0.08846099013370638]

第6幅图像的旋转向量: 
[-151.5599087146562;
 -87.70723138405492;
 2104.691910022061]
第6幅图像的旋转矩阵: 
[0.6885604832203188, -0.723271142625637, -0.05256724448177405;
 0.7251370619176404, 0.6874882104124731, 0.03919441257765306;
 0.007791173265510033, -0.06510618088062525, 0.9978479257032536]
第6幅图像的平移向量: 
[-2.101171501560147;
 -2.153270690514134;
 -0.2944254113937]

第7幅图像的旋转向量: 
[-150.0380513100607;
 -280.4506533685419;
 1955.185319172286]
第7幅图像的旋转矩阵: 
[-0.1062873714616856, -0.9688083478788714, -0.2238601790135473;
 0.9926719004076001, -0.0903679034292271, -0.0802255580907321;
 0.05749341535279688, -0.2307466730204742, 0.9713137907396625]
第7幅图像的平移向量: 
[-1.994791135501589;
 -1.979136792857814;
 -0.2082436492306228]

第8幅图像的旋转向量: 
[-16.39383468522757;
 114.1648111795369;
 2190.11631745748]
第8幅图像的旋转矩阵: 
[0.9494110350108016, -0.3136297912733268, 0.01596999140788616;
 0.3135904194294531, 0.9495452986870309, 0.004977407298699023;
 -0.01672529347360389, 0.0002824308887556231, 0.999860082607069]
第8幅图像的平移向量: 
[-2.069381488764389;
 2.065191447607213;
 0.3416515304419235]

第9幅图像的旋转向量: 
[-76.68509344545745;
 -111.8095608318831;
 1028.379934128896]
第9幅图像的旋转矩阵: 
[0.8516597622342736, -0.5197213207739315, -0.06756772990163816;
 0.5220985333737886, 0.8525775809737565, 0.02290392695318276;
 0.04570307254440902, -0.05478336566822035, 0.9974517592375396]
第9幅图像的平移向量: 
[0.1058884191098747;
 -2.795002294605953;
 1.158876311407368]

第10幅图像的旋转向量: 
[-254.3313128130774;
 113.7716944966023;
 1702.470293287838]
第10幅图像的旋转矩阵: 
[-0.885271844638817, 0.3510120604699612, -0.3050971886045797;
 -0.3884872426043738, -0.9187768453773542, 0.07019095904807077;
 -0.2556783593177894, 0.180664445320793, 0.9497309802114984]
第10幅图像的平移向量: 
[2.525197098789333;
 0.05106624951584825;
 -0.04514054362092603]

第11幅图像的旋转向量: 
[-81.045719263138;
 -151.5405480010793;
 1347.038320617142]
第11幅图像的旋转矩阵: 
[0.7061547244417571, -0.7014383501931081, -0.09659061044924042;
 0.7053664795768126, 0.708776757619377, 0.009676639291469953;
 0.06167361379066644, -0.07496498340514623, 0.9952771556833132]
第11幅图像的平移向量: 
[-0.07172440298913231;
 -3.196640915041623;
 0.7767068485229972]

第12幅图像的旋转向量: 
[-274.9194193262717;
 176.4395185095517;
 1128.069187839536]
第12幅图像的旋转矩阵: 
[0.8654146834334082, 0.4889936788823409, -0.109282238771759;
 -0.4990089095061024, 0.8608258813571298, -0.09984443008626523;
 0.04524968432358625, 0.1409396466535753, 0.9889835600604193]
第12幅图像的平移向量: 
[2.396655252177037;
 0.105384714117878;
 -0.1896663312762766]

第13幅图像的旋转向量: 
[-298.9523108373494;
 145.4975967887749;
 1208.211252442498]
第13幅图像的旋转矩阵: 
[-0.8213989515199382, -0.4046520462584055, -0.4019458718544469;
 0.2976593377670742, -0.9052810923130736, 0.3030924983243812;
 -0.4865209975756576, 0.1293169183028015, 0.8640454001721521]
第13幅图像的平移向量: 
[2.405097134089973;
 0.2747766673804918;
 -0.2397875074892026]

第14幅图像的旋转向量: 
[-165.5174098442554;
 -105.5921787231658;
 1197.183824723795]
第14幅图像的旋转矩阵: 
[0.8699130517364133, -0.4893995259118005, -0.06115052294089761;
 0.4925476513542083, 0.8684498601447911, 0.05649470382209293;
 0.02545768182874351, -0.07926502666244242, 0.9965284551803369]
第14幅图像的平移向量: 
[-0.6035824716671295;
 -3.147392533310294;
 0.7067593335514255]

第15幅图像的旋转向量: 
[-285.6287164389759;
 155.8601022698073;
 1000.168482730125]
第15幅图像的旋转矩阵: 
[-0.6540615513380721, -0.6600500173145366, -0.3695097586049851;
 0.5163186063244675, -0.7465471780692197, 0.4196217435739532;
 -0.5528278066671339, 0.0836736849909501, 0.8290839104792955]
第15幅图像的平移向量: 
[-2.608518355183338;
 -0.04651000217891688;
 -0.01719834787731697]


