每幅图像的标定误差: 
第1幅图像的平均误差: 0.0991595像素
第2幅图像的平均误差: 0.0697165像素
第3幅图像的平均误差: 0.0614869像素
第4幅图像的平均误差: 0.123113像素
第5幅图像的平均误差: 0.105592像素
第6幅图像的平均误差: 0.0819658像素
第7幅图像的平均误差: 0.160395像素
第8幅图像的平均误差: 0.154109像素
第9幅图像的平均误差: 0.134244像素
第10幅图像的平均误差: 0.0845145像素
第11幅图像的平均误差: 0.106858像素
第12幅图像的平均误差: 0.0916735像素
第13幅图像的平均误差: 0.0534181像素
第14幅图像的平均误差: 0.0863181像素
第15幅图像的平均误差: 0.0739205像素
总体平均误差: 0.099099像素
相机内参数矩阵: 
[1503.244411472282, 0, 316.7062947596987;
 0, 1526.247402520736, 261.9429846155144;
 0, 0, 1]

畸变系数: 
[-0.05103197081873869, 6.509032311776684, -0.01812207035442668, -0.08288271478928619, -13.22824913085871]

第1幅图像的旋转向量: 
[-100.5082623592447;
 16.57598948336263;
 1277.889239150591]
第1幅图像的旋转矩阵: 
[0.9851490281411266, -0.1716981963907124, 0.001059107534783674;
 0.1716678989038976, 0.9850596723197453, 0.01369578238864617;
 -0.003394825255455609, -0.01331057194459753, 0.999905647466796]
第1幅图像的平移向量: 
[1.936664834988013;
 1.888244929186613;
 0.2643592409531754]

第2幅图像的旋转向量: 
[78.09062520534944;
 4.605426920859125;
 1200.493667731087]
第2幅图像的旋转矩阵: 
[-0.973590047514902, -0.1882952697428472, 0.1291019394602549;
 0.1892802547013417, -0.9819118126602504, -0.004709282159352225;
 0.1276534549478631, 0.01985153774218942, 0.9916201449593207]
第2幅图像的平移向量: 
[-2.085426633340496;
 -1.902983185626907;
 0.4641629672493783]

第3幅图像的旋转向量: 
[24.2573714498089;
 -10.72354330928912;
 1075.768820386]
第3幅图像的旋转矩阵: 
[-0.09949587825882553, -0.9949267880015377, 0.01487470088602322;
 0.9944325631353937, -0.09994562121232382, -0.0333878746920796;
 0.03470515214598967, 0.0114699310122763, 0.9993317732850775]
第3幅图像的平移向量: 
[1.946671124088907;
 1.894329123270053;
 0.2428406447109785]

第4幅图像的旋转向量: 
[-102.6012652019908;
 -42.72105409670232;
 828.0195052343606]
第4幅图像的旋转矩阵: 
[0.9765589616099914, 0.2150940938343251, 0.008193002917478303;
 -0.2147951663541133, 0.9762622347828728, -0.02784035645712854;
 -0.01398681558197062, 0.02542793216802599, 0.9995788059255429]
第4幅图像的平移向量: 
[1.669668398837593;
 1.71168345578447;
 0.6176624224247697]

第5幅图像的旋转向量: 
[85.43037092674923;
 -9.970665005769845;
 1084.570575421855]
第5幅图像的旋转矩阵: 
[0.5559273662501408, -0.8307810798433636, 0.02734155863290394;
 0.8301379952801361, 0.55320986425889, -0.06949643788668122;
 0.04261070577282899, 0.06133223834946237, 0.9972074429588791]
第5幅图像的平移向量: 
[-2.040927447795287;
 -1.857687050573419;
 0.574276988347763]

第6幅图像的旋转向量: 
[-152.3524231422779;
 236.1503080587935;
 1543.15813589639]
第6幅图像的旋转矩阵: 
[-0.6182804147408674, 0.737176826052869, -0.2725796321783396;
 -0.7849569853863347, -0.5966628459891248, 0.1668411798967973;
 -0.03964668764296012, 0.3171179202548729, 0.947557050953749]
第6幅图像的平移向量: 
[2.707244837831186;
 -0.0440503632762939;
 0.2813622200512703]

第7幅图像的旋转向量: 
[-68.09978149416877;
 222.7282267023785;
 1322.734272387755]
第7幅图像的旋转矩阵: 
[0.05435129546316926, 0.9755494607495604, -0.2129534839177731;
 -0.9914933107513099, 0.07798696147483671, 0.1042067587794992;
 0.1182664424800276, 0.2054781824699748, 0.9714894570256302]
第7幅图像的平移向量: 
[2.898211067707969;
 -0.04890424560287968;
 0.1900133319597675]

第8幅图像的旋转向量: 
[269.6038330058136;
 36.14372961716094;
 955.1125985825145]
第8幅图像的旋转矩阵: 
[0.9440946587995295, -0.3284652796397765, 0.02821055294324248;
 0.3296579260165513, 0.9397265007118597, -0.09077309994876835;
 0.00330560745794168, 0.09499823119935748, 0.9954719529089342]
第8幅图像的平移向量: 
[-0.1648170112514818;
 -2.911337166355778;
 -0.4047291478400007]

第9幅图像的旋转向量: 
[-105.3661123204232;
 -81.04280146091401;
 1179.065548200885]
第9幅图像的旋转矩阵: 
[0.5547901775096549, 0.8318085731235885, 0.01738840466821501;
 -0.8263649599538938, 0.5533449666207737, -0.1045480792547357;
 -0.09658577482841549, 0.04363307912071667, 0.9943678104741926]
第9幅图像的平移向量: 
[1.906338886558475;
 2.597906109252609;
 -0.4246457031039907]

第10幅图像的旋转向量: 
[20.1334154189573;
 -117.7629281470122;
 973.4081298140551]
第10幅图像的旋转矩阵: 
[0.8600669297194476, -0.5068252294593033, -0.05842142746019963;
 0.5061350275862179, 0.8620264689381144, -0.02716064617023438;
 0.06412651755133207, -0.006209157238364595, 0.9979224599702764]
第10幅图像的平移向量: 
[1.735239870511739;
 2.709515663050159;
 -0.5933045040407593]

第11幅图像的旋转向量: 
[-213.3924949209256;
 34.00891982966052;
 1639.508347256228]
第11幅图像的旋转矩阵: 
[0.3644999305468472, -0.9290397127776608, -0.06344298789736358;
 0.9256096388371946, 0.3540120831171439, 0.1338739761818498;
 -0.1019146560756677, -0.1075204961347458, 0.9889654927184852]
第11幅图像的平移向量: 
[1.894956826850769;
 1.894499719859322;
 0.324838395610759]

第12幅图像的旋转向量: 
[56.26649992446163;
 0.1372994521219361;
 1383.698391653611]
第12幅图像的旋转矩阵: 
[-0.8220809036416322, -0.5645218668513201, 0.07414883488267349;
 0.5645365707831451, -0.8250937847559924, -0.02277513129356631;
 0.0740368024442202, 0.02313672845785833, 0.9969870830056445]
第12幅图像的平移向量: 
[2.092332056159475;
 1.99051032762805;
 -0.007296722401287718]

第13幅图像的旋转向量: 
[74.97243240415089;
 -6.519197110341865;
 1331.854010680739]
第13幅图像的旋转矩阵: 
[-0.3595030568209436, -0.9303639984621405, 0.07197487410156021;
 0.9296148252386257, -0.3637783265367129, -0.05900513400296578;
 0.08107915165414982, 0.04569638396729839, 0.9956595862338475]
第13幅图像的平移向量: 
[-2.044177612707018;
 -1.862047920758156;
 0.5487578403516054]

第14幅图像的旋转向量: 
[-14.26514020689195;
 -40.87664466830876;
 1058.789378848059]
第14幅图像的旋转矩阵: 
[-0.5753263578931165, 0.8178584522515169, 0.01035055526021965;
 -0.8162220659532313, -0.5732673652172866, -0.07173609292308067;
 -0.05273633438607971, -0.04972001666917773, 0.9973699408834898]
第14幅图像的平移向量: 
[1.650374151665533;
 1.693483706174837;
 0.6356230255396725]

第15幅图像的旋转向量: 
[-149.0413846071237;
 -25.35601636708611;
 1168.957253505358]
第15幅图像的旋转矩阵: 
[-0.798470814767391, 0.5615171425582813, -0.2171240580356802;
 -0.5515740898875342, -0.8268474030575301, -0.1099517868056572;
 -0.2412682766744046, 0.0319667119078749, 0.9699318264704799]
第15幅图像的平移向量: 
[1.774734140525694;
 1.797228967446636;
 0.501116095425668]


